AlexKeur;Ouistiti;
119207;119310;119755;119767;120233;120314;120584;120662;120841;120916;120930;121022;121031;121102;121142;121214;f;
152037;152129;152335;152403;152535;152609;152671;152749;152906;152995;153038;153109;153115;153201;153235;153308;f;
160847;160908;161055;161101;161187;161273;161281;161357;161461;161507;161521;161601;161611;161673;163157;163248;f;
176761;176871;177021;177085;177175;177259;177331;177430;177568;177639;177679;177749;177763;177821;177834;177914;f;
193546;193641;193804;193871;193974;194042;195039;195121;195269;195343;195423;195476;195479;195547;195605;195678;f;
208660;208717;208852;208908;208987;209086;209139;209205;209350;209403;209432;209494;209520;209576;209590;209632;f;
218524;218617;218762;218806;218925;219008;219030;219101;219234;219298;219351;219412;219413;219492;219498;219568;f;
244436;244554;244678;244762;244870;244964;244985;245062;245172;245280;245336;245397;245400;245474;245504;245578;f;
255456;255551;255714;255788;255883;255956;256306;256709;256709;256709;256709;256747;256750;256812;256823;256892;f;
267760;267836;267953;268010;268124;268197;268212;268294;268426;268494;268555;268606;268626;268692;268756;268820;f;
277455;277550;277692;277741;277834;277931;278534;278614;278765;278844;278882;278955;278963;279027;279034;279098;f;
287479;287586;287756;287808;288205;288205;288205;288206;288254;288355;288670;288752;288804;288896;289024;289098;f;
346145;346273;346445;346505;346818;346899;346915;347007;347157;347233;347260;347327;347327;347407;347415;347483;f;
24289;24379;24541;24603;24737;24825;24887;24987;25175;25242;25303;25369;25416;25517;25559;25619;f;
32350;32421;32540;32612;32723;32795;32845;32935;33103;33185;33235;33295;33304;33360;33777;33847;f;
41025;41099;41209;41267;41351;41439;41449;41511;41647;41709;41734;41799;41807;41869;41875;41929;f;
49390;49449;49605;49657;49772;49849;49877;50001;50391;50479;50569;50642;51075;51147;51187;51255;f;
56652;56719;56865;56924;57028;57111;57454;57568;57744;57836;57892;57938;57953;58031;58033;58115;f;
67627;67704;67811;67856;67960;68043;68052;68120;68229;68311;68343;68419;68423;68468;68485;68554;f;
75176;75268;75365;75432;75552;75601;75628;75696;75854;75916;75972;75997;76066;76131;76309;76390;f;
81436;81530;81686;81753;81842;81926;81944;82008;82138;82210;82249;82320;82331;82394;82408;82480;f;
87964;88022;88134;88176;88267;88364;88382;88457;88617;88691;88725;88789;88796;88860;88873;88938;f;
97757;97827;97928;97997;98085;98177;98183;98248;98392;98454;98503;98564;98599;98664;98683;98752;f;
103670;103743;103846;103907;103992;104066;104078;104156;104306;104376;104424;104470;104486;104536;104544;104608;f;
108864;108926;109042;109090;109185;109258;109298;109344;109524;109606;109660;109707;109718;109770;109801;109872;f;
117270;117352;117431;117500;117601;117683;117712;117764;117934;118011;118024;118092;118124;118160;118186;118239;f;
128649;128722;128825;128892;128986;129068;129074;129130;129258;129320;129352;129418;129428;129482;129496;129571;f;
134232;134298;134404;134458;134565;134644;134680;134737;134909;134985;135004;135070;135082;135157;135190;135216;f;
144956;145023;145138;145201;145301;145401;145417;145490;145649;145740;145798;145846;145876;145946;146010;146081;f;
152126;152196;152334;152401;152496;152553;152593;152670;152845;152951;152964;153018;153028;153107;153107;153172;f;
160394;160460;160576;160620;160722;160798;160847;160928;161080;161138;161172;161224;161230;161311;161324;161369;f;
165867;165936;166065;166122;166214;166295;166324;166407;166568;166638;166690;166742;166750;166819;166828;166886;f;
173366;173424;173522;173591;173676;173775;173777;173829;173947;174013;174055;174103;174111;174159;174165;174252;f;
178981;179053;179178;179242;179385;179432;179434;179533;179682;179747;179790;179848;179877;179923;179944;180022;f;
190790;190860;190959;191025;191125;191220;191235;191317;191461;191525;191583;191631;191650;191717;191728;191795;f;
197969;198039;198142;198213;198299;198397;198407;198453;198601;198663;198738;198783;198795;198840;199287;199342;f;
216193;216270;216451;216501;216842;216925;217005;217105;217274;217357;217468;217479;217488;217561;218326;218365;f;
237262;237313;237461;237517;237651;237726;237824;237925;238086;238175;238228;238284;238328;238399;238411;238481;f;
246737;246804;246927;246993;247079;247157;247170;247225;247366;247442;247494;247552;247565;247638;247653;247726;f;
254663;254739;254845;254907;255029;255111;255155;255217;255389;255473;255512;255579;255587;255663;255667;255747;f;
262628;262672;262776;262838;262939;263036;263049;263132;263302;263319;263373;263436;263513;263531;264099;264166;f;
269143;269206;269345;269402;269527;269618;269637;269733;269903;269986;270012;270089;270099;270174;270185;270253;f;
276151;276217;276340;276385;276481;276552;276565;276630;276751;276824;276872;276933;276946;277001;277007;277091;f;
283375;283451;283588;283656;283772;283848;283856;283908;284034;284118;284156;284215;284218;284298;284310;284364;f;
289630;289692;289814;289866;289973;290062;290408;290492;290632;290718;290749;290828;290851;290909;290914;290975;f;
297666;297732;297870;297950;298322;298398;298475;298550;298689;298751;298786;298866;298867;298904;298930;298986;f;
304009;304070;304212;304258;304388;304462;304476;304526;304662;304769;304795;304862;304872;304939;304961;305000;f;
311414;311489;311612;311686;311788;311870;311876;311955;312098;312196;312210;312278;312311;312366;312382;312426;f;
316876;316929;317050;317105;317235;317324;317334;317436;317576;317650;317676;317742;317754;317853;317853;317900;f;
322420;322481;322631;322690;322806;322874;322898;322966;323115;323207;323238;323301;323305;323390;323407;323450;f;
