Aymane;meme;
21665;21673;21750;21759;21875;21884;21982;21992;f;
30690;30698;30785;30793;30875;30884;30956;30964;f;
37065;37073;37141;37148;37272;37280;37324;37333;f;
9050;9127;9146;9199;9266;9266;9331;9337;f;
9770;9866;9895;9969;10145;10226;10286;10366;f;
8690;8794;8846;8945;8948;9031;9048;9110;f;
9415;9497;9513;9580;9601;9647;9693;9730;f;
7045;7132;7146;7195;7239;7277;7324;7352;f;
21200;21207;21327;21335;21461;21470;21526;21533;f;
12656;12763;12781;12867;12898;12949;12974;13025;f;
8091;8178;8225;8295;8320;8387;8390;8480;f;
12451;12557;12565;12645;12652;12703;12736;12801;f;
11498;11595;11651;11757;11769;11846;11872;11928;f;
14897;15001;15004;15093;15100;15169;15170;15250;f;
18223;18314;18349;18426;18431;18498;18516;18576;f;
