Loulou;
43841;43899;43944;43996;44021;44167;44195;44241;44345;44407;44596;44689;44694;44759;45169;45257;45297;45399;45439;45515;45629;45691;45883;45961;46061;46137;46195;46299;46361;46437;46481;46583;46591;46655;f;
58586;58625;58683;58771;58820;58969;58979;59045;59149;59221;59399;59483;59495;59555;59641;59732;59813;59896;60025;60118;60191;60283;60389;60451;60475;60550;60607;60706;60731;60811;60855;60939;60963;61030;f;
67857;67914;67977;68027;68068;68181;68231;68235;68345;68410;68581;68653;68681;68737;68795;68869;68943;69037;69207;69267;69381;69453;69535;69625;69642;69729;69763;69855;69897;69949;70015;70091;70117;70181;f;
75499;75556;75600;75647;75715;75837;75859;75893;75993;76061;76260;76323;76337;76391;76461;76539;76607;76721;76869;76928;77027;77115;77219;77283;77303;77375;77428;77505;77551;77609;77665;77741;77762;77821;f;
82335;82399;82453;82494;82555;82667;82692;82719;82813;82879;83051;83113;83128;83192;83230;83307;83372;83449;83667;83727;83807;83907;84027;84093;84131;84194;84273;84361;84409;84490;84533;84611;84637;84699;f;
88623;88675;88713;88787;88838;88930;88961;88983;89059;89122;89329;89377;89404;89444;89497;89577;89645;89745;89890;89949;90027;90111;90202;90274;90287;90363;90413;90500;90543;90610;90657;90727;90751;90789;f;
94490;94583;94622;94682;94870;95007;95102;95159;95320;95372;95603;95680;95688;95749;95835;95898;96008;96104;96243;96338;96364;96436;96537;96604;96633;96714;96753;96835;96865;96923;96983;97062;97074;97130;f;
101039;101094;101130;101196;101256;101375;101411;101442;101815;101815;101815;101831;101859;101914;101936;102024;102084;102178;102334;102401;102442;102541;102633;102731;102734;102790;102846;102937;102969;103027;103078;103164;103175;103241;f;
106497;106568;106605;106690;106690;106808;106822;106864;106959;107036;107205;107298;107306;107358;107376;107472;107521;107608;107732;107822;107903;107986;108084;108130;108180;108258;108311;108384;108424;108490;108518;108608;108631;108684;f;
115750;115790;115854;115900;115958;116018;116076;116079;116173;116240;116394;116454;116472;116542;116551;116634;116694;116790;117002;117080;117103;117206;117274;117356;117404;117480;117508;117590;117642;117734;117757;117834;117852;117912;f;
122332;122438;122460;122501;122557;122682;122704;122744;122840;122890;123066;123130;123140;123208;123231;123316;123366;123476;123636;123708;123738;123830;123926;124004;124032;124090;124152;124228;124292;124348;124402;124486;124520;124574;f;
128134;128202;128263;128299;128354;128454;128486;128515;128600;128666;128848;128894;128930;128978;129016;129092;129158;129258;129388;129458;129490;129588;129684;129766;129777;129860;129904;129990;130020;130082;130134;130218;130226;130290;f;
133962;134042;134084;134134;134204;134264;134302;134332;134441;134504;134688;134752;134768;134818;134843;134929;135001;135094;135239;135316;135345;135428;135524;135590;135660;135740;135776;135854;135901;135971;136034;136096;136130;136182;f;
140640;140676;140757;140770;140845;140944;141010;141016;141094;141154;141324;141408;141416;141490;141542;141618;142164;142279;142399;142467;142576;142678;142793;142860;142912;142995;143034;143126;143184;143251;143307;143380;143414;143468;f;
162310;162388;162418;162484;162748;162856;162925;162998;163104;163175;163371;163448;163455;163539;163616;163694;163746;163847;164000;164074;164122;164218;164302;164368;164412;164495;164552;164630;164676;164747;164798;164878;164914;164994;f;
169932;170004;170056;170102;170163;170256;170284;170318;170412;170482;170662;170744;170753;170820;170894;170973;171016;171108;171290;171352;171380;171458;171552;171616;171692;171765;171792;171870;171936;172015;172063;172141;172151;172208;f;
23988;24053;24107;24168;24242;24348;24365;24414;24551;24609;24806;24875;24881;24963;25007;25077;25135;25228;25415;25467;25537;25631;25726;25807;25823;25899;25945;26030;26097;26156;26227;26292;26331;26394;f;
33569;33656;33688;33738;33814;33891;33916;33957;34049;34130;34313;34374;34394;34464;34496;34594;34641;34737;34938;34996;35044;35125;35221;35278;35295;35372;35424;35508;35581;35657;35720;35787;35816;35888;f;
40436;40478;40541;40594;40666;40786;40796;40868;40990;41033;41247;41319;41326;41414;41434;41527;41572;41668;41826;41898;41983;42062;42156;42224;42292;42364;42402;42478;42620;42684;42738;42826;42827;42902;f;
49280;49338;49390;49446;49516;49592;49608;49666;49756;49832;50002;50083;50092;50146;50188;50286;50330;50410;50610;50677;50710;50798;50906;50970;51034;51118;51158;51214;51332;51412;51456;51538;51576;51634;f;
55642;55764;55826;55870;55940;56056;56086;56118;56212;56282;56459;56529;56540;56602;56632;56715;56747;56854;57024;57093;57126;57224;57312;57388;57410;57488;57546;57641;57676;57752;57792;57870;57898;57962;f;
64646;64750;64884;64995;65120;65221;65412;65508;66151;66210;66458;66534;66545;66614;66708;66784;66816;66920;67092;67154;67198;67286;67388;67468;67504;67583;67636;67720;67790;67870;67926;68004;68040;68118;f;
72587;72587;72587;72587;72587;72587;72587;72601;72728;72786;72968;73030;73046;73103;73184;73264;73304;73382;73569;73649;73679;73747;73852;73898;73967;74024;74072;74146;74214;74282;74342;74400;74435;74498;f;
78390;78470;78526;78530;78588;78729;78734;78804;78903;78975;79166;79249;79260;79336;79380;79482;79519;79606;79787;79860;79885;79960;80060;80138;80212;80272;80318;80404;80534;80699;81160;81228;81243;81298;f;
84782;84856;84930;84970;85024;85156;85158;85236;85332;85394;85586;85659;85667;85740;85768;85870;85920;86008;86225;86273;86356;86430;86867;86867;86867;86868;86868;86868;86906;86955;87024;87097;87121;87179;f;
90476;90546;90625;90665;90731;90830;90835;90910;91010;91083;91264;91338;91344;91408;91474;91548;91609;91704;91852;91920;91976;92062;92167;92228;92289;92370;92400;92484;92536;92600;92649;92736;92756;92820;f;
102655;102733;102768;102826;102856;102992;103010;103086;103205;103254;103514;103610;103613;103667;103726;103816;104150;104242;104376;104470;104584;104666;104768;104830;104868;104944;104976;105071;105156;105214;105268;105342;105360;105414;f;
110406;110482;110540;110560;110588;110718;110728;110785;110896;110950;111138;111218;111228;111284;111332;111414;111478;111586;111750;111826;111861;111940;112046;112090;112127;112201;112262;112340;112374;112437;112480;112559;112562;112620;f;
116111;116172;116219;116265;116303;116414;116424;116492;116586;116645;116815;116891;116902;116975;117027;117089;117158;117249;117400;117468;117554;117633;117743;117806;118211;118211;118211;118211;118212;118212;118242;118310;118333;118387;f;
121862;121929;121997;122038;122073;122165;122194;122234;122314;122387;122540;122611;122623;122680;122731;122809;122852;122946;123091;123161;123175;123264;123356;123429;123458;123511;123577;123662;123708;123759;123820;123897;123913;123973;f;
127160;127273;127315;127358;127380;127491;127508;127547;127635;127699;127850;127921;127940;127995;128010;128085;128134;128237;128348;128401;128433;128527;128590;128705;128724;128799;128870;128952;128964;129023;129080;129171;129178;129235;f;
132468;132557;132591;132652;132703;132789;132829;132853;132950;133007;133166;133237;133245;133303;133347;133414;133456;133547;133679;133755;133775;133873;133967;134031;134064;134121;134189;134273;134311;134363;134413;134491;134505;134561;f;
137970;137971;137971;137971;138043;138169;138199;138261;138343;138408;138579;138641;138651;138703;138777;138871;138969;139063;139133;139201;139263;139389;139513;139565;139583;139657;139737;139833;139847;139897;139955;140033;140061;140130;f;
144275;144347;144407;144461;144491;144583;144637;144652;145022;145022;145022;145035;145057;145106;145147;145229;145269;145377;145563;145619;145646;145731;145829;145903;145941;146008;146055;146153;146181;146247;146299;146392;146401;146471;f;
149751;149807;149847;149912;149955;150073;150083;150151;150245;150313;150483;150574;150599;150626;150655;150739;150818;150909;151067;151133;151165;151259;151347;151415;151451;151515;151581;151668;151699;151763;151825;151895;151903;151951;f;
155205;155277;155299;155383;155441;155527;155565;155583;155666;155729;155899;155979;155988;156050;156085;156168;156211;156323;156455;156525;156551;156641;156745;156793;156809;156884;156971;157047;157075;157135;157189;157259;157297;157367;f;
160496;160533;160611;160637;160683;160809;160821;160881;160979;161047;161234;161307;161319;161375;161433;161517;161559;161662;161795;161867;161885;161971;162081;162147;162189;162253;162315;162393;162441;162503;162557;162631;162654;162703;f;
165996;166058;166125;166157;166193;166297;166305;166368;166453;166517;166681;166763;166785;166825;166867;166947;167027;167103;167251;167313;167331;167421;167523;167594;167597;167663;167749;167830;167853;167911;167965;168050;168059;168115;f;
174976;175035;175116;175119;175189;175251;175278;175344;175449;175519;175697;175765;175775;175828;175876;175957;176020;176119;176269;176344;176383;176436;176559;176635;176675;176750;176825;176912;176938;177010;177051;177124;177168;177229;f;
180775;180851;180891;180936;180987;181100;181130;181187;181285;181373;181516;181603;181611;181667;181727;181793;181858;181971;182099;182171;182256;182359;182461;182525;182563;182627;182687;182785;182807;182870;182935;182989;183037;183101;f;
194187;194248;194305;194356;194427;194493;194569;194635;195495;195547;195774;195845;195858;195941;195989;196057;196122;196215;196409;196479;196515;196638;196731;196819;196833;196903;196973;197055;197073;197141;197199;197275;197284;197345;f;
201416;201416;201417;201417;201417;201489;201528;201547;201636;201723;201871;201958;201965;202025;202049;202139;202205;202309;202483;202558;202571;202673;202773;202835;202888;202953;202992;203079;203130;203200;203268;203336;203359;203431;f;
206650;206711;206764;206827;206907;207004;207031;207075;207166;207246;207413;207511;207513;207579;207627;207717;207745;207853;208031;208074;208155;208260;208345;208421;208459;208528;208577;208663;208718;208769;208825;208893;208905;208948;f;
212318;212393;212457;212517;212548;212669;212691;212737;212847;212902;213076;213146;213158;213215;213245;213328;213413;213515;213663;213741;213755;213853;213936;214011;214052;214118;214163;214264;214289;214360;214419;214494;214519;214591;f;
217839;217913;217964;218003;218037;218136;218151;218214;218320;218380;218546;218620;218632;218687;218710;218797;218905;218990;219212;219279;219354;219436;219547;219616;219647;219706;219760;219866;219875;219940;220008;220073;220092;220176;f;
223364;223415;223490;223525;223582;223693;223717;223758;223848;223920;224078;224140;224155;224213;224250;224337;224418;224526;224699;224746;224824;224918;225027;225095;225122;225181;225260;225335;225359;225426;225474;225540;225574;225626;f;
233079;233104;233152;233215;233254;233378;233420;233444;233538;233613;233797;233869;233876;233962;233972;234064;234218;234318;234379;234439;234594;234674;234814;234892;234961;235028;235092;235185;235193;235274;235319;235378;235396;235441;f;
245372;245434;245484;245528;245604;245724;245732;245784;245888;245965;246146;246222;246233;246302;246352;246429;246518;246624;246778;246852;246930;247032;247148;247194;247212;247286;247382;247450;247470;247535;247586;247668;247698;247755;f;
251530;251566;251648;251690;251742;251878;251896;251970;252042;252120;252310;252382;252394;252454;252516;252604;252688;252804;252914;252978;253032;253134;253245;253316;253345;253412;253474;253559;253586;253652;253705;253790;253800;253862;f;
257267;257298;257396;257461;257484;257612;257630;257708;257795;257878;258044;258136;258146;258202;258242;258324;258402;258516;258676;258743;258798;258902;259004;259079;259144;259216;259237;259328;259384;259456;259510;259586;259597;259642;f;
263209;263258;263328;263370;263420;263545;263552;263614;263702;263770;263976;264034;264050;264116;264154;264262;264318;264414;264564;264636;264696;264800;264900;264983;265020;265085;265143;265236;265250;265316;265370;265444;265462;265542;f;
269072;269134;269186;269236;269302;269434;269450;269518;269633;269691;269906;269970;269976;270063;270112;270176;270230;270351;270496;270552;270590;270696;270796;270866;270910;270968;271041;271155;271160;271196;271261;271334;271348;271416;f;
275574;275655;275717;275732;275807;275916;275930;276004;276125;276195;276380;276477;276486;276550;276589;276671;276800;276901;277040;277112;277148;277230;277328;277386;277476;277564;277602;277673;277761;277822;277871;277950;277968;278022;f;
291514;291572;291599;291696;291804;291889;291896;291948;292063;292124;292220;292302;292314;292399;292442;292504;292566;292671;292755;292820;292920;293013;293104;293184;293253;293315;293352;293424;293465;293532;293565;293638;293648;293728;f;
301026;301091;301125;301171;301249;301354;301367;301435;301522;301581;301777;301832;301844;301910;301982;302054;302114;302222;302308;302382;302422;302528;302629;302705;302729;302802;302875;302946;302960;303036;303102;303181;303237;303299;f;
307052;307108;307172;307210;307267;307380;307422;307482;307596;307659;307845;307927;307927;308000;308054;308153;308228;308329;308396;308467;308492;308584;308681;308785;309202;309202;309202;309202;309202;309202;309202;309269;309298;309341;f;
313241;313320;313357;313444;313509;313618;313629;313677;313780;313842;314025;314095;314107;314167;314211;314305;314357;314461;314543;314622;314660;314755;314849;314921;314955;315020;315079;315170;315191;315250;315305;315382;315389;315475;f;
319283;319376;319395;319470;319549;319663;319671;319739;319840;319896;320069;320141;320151;320232;320254;320350;320405;320509;320609;320681;320709;320797;320883;320987;321010;321073;321145;321253;321277;321331;321379;321453;321473;321545;f;
325559;325595;325655;325716;325740;325846;325867;325937;326023;326101;326281;326354;326361;326433;326467;326541;326596;326701;326807;326870;326898;326983;327098;327174;327211;327281;327331;327419;327437;327503;327557;327619;327647;327681;f;
331402;331486;331530;331563;331627;331695;331739;331817;331911;331985;332156;332205;332237;332297;332327;332413;332441;332547;332657;332730;332737;332822;332919;332996;333061;333146;333159;333236;333305;333362;333431;333483;333499;333567;f;
338311;338357;338429;338501;338527;338629;338641;338679;338759;338837;338993;339073;339095;339161;339171;339289;339329;339437;339505;339579;339599;339693;339791;339891;339917;339981;340025;340113;340121;340173;340235;340301;340317;340369;f;
343638;343729;343773;343828;343841;343939;343959;344005;344103;344149;344333;344408;344424;344489;344520;344617;344672;344775;344883;344965;345014;345117;345185;345293;345361;345431;345519;345579;345647;345710;345769;345849;345859;345901;f;
357017;357098;357151;357209;357295;357381;357403;357455;357549;357617;357791;357862;357873;357929;357971;358063;358111;358205;358341;358399;358409;358475;358580;358663;358691;358789;358829;358909;358921;358996;359047;359119;359131;359191;f;
369503;369576;369627;369668;369737;369859;369871;369921;370003;370085;370259;370345;370351;370428;370465;370573;370595;370693;370781;370871;370896;370946;371060;371137;371179;371257;371301;371399;371417;371485;371524;371595;371607;371655;f;
378439;378476;378517;378598;378671;378777;378790;378839;378933;379019;379183;379251;379268;379314;379397;379485;379524;379657;379745;379833;379842;379935;380013;380111;380126;380209;380287;380349;380371;380435;380498;380555;380575;380595;f;
384757;384825;384898;384969;384980;385089;385105;385195;385308;385368;385539;385618;385640;385685;385723;385828;385865;385948;386084;386155;386164;386253;386365;386440;386498;386582;386607;386686;386738;386812;386843;386938;386939;387006;f;
398591;398756;398851;398949;399039;399156;399173;399253;399370;399417;399505;399598;399611;399710;399741;399831;400191;400286;400361;400423;400677;400776;400865;400951;400985;401061;401086;401190;401242;401307;401366;401444;401455;401523;f;
410138;410205;410242;410289;410308;410483;410494;410563;410689;410757;410932;411014;411021;411105;411160;411253;411312;411410;411518;411602;411650;411730;411830;411897;412004;412066;412096;412172;412248;412310;412366;412444;412457;412540;f;
416031;416080;416142;416182;416250;416396;416406;416474;416572;416650;416848;416910;416918;417002;417050;417132;417206;417304;417404;417460;417495;417578;417678;417744;417794;417864;417920;417994;418037;418094;418148;418230;418240;418286;f;
421808;421879;421928;421989;422046;422163;422180;422230;422323;422402;422596;422689;422696;422780;422846;422932;422983;423092;423148;423232;423252;423356;423476;423548;423608;423667;423704;423788;423832;423906;423952;424024;424042;424108;f;
427646;427714;427765;427831;427870;427970;427975;428044;428114;428192;428380;428432;428458;428524;428584;428670;428754;428862;428921;428990;429063;429151;429252;429322;429375;429425;429498;429578;429628;429682;429760;429822;429844;429915;f;
434292;434364;434419;434480;434520;434645;434652;434722;434830;434904;435098;435180;435188;435252;435294;435390;435443;435559;435642;435711;435728;435818;435936;436014;436056;436140;436182;436286;436432;436514;437222;437280;437288;437362;f;
440761;440832;440880;440951;440957;441074;441080;441156;441240;441324;441493;441592;441646;441755;441916;442041;442108;442230;442233;442322;442396;442468;442568;442654;442676;442738;442812;442920;442924;442968;443014;443096;443112;443180;f;
453826;453856;453901;453968;454072;454164;454182;454226;454345;454436;454601;454682;454706;454778;454886;454976;455224;455302;455501;455567;456680;456794;456956;457024;457098;457175;457206;457274;457339;457400;457464;457544;457568;457618;f;
462366;462425;462498;462538;462561;462689;462705;462762;462844;462925;463092;463160;463176;463236;463282;463363;463441;463576;463710;463784;463802;463892;464000;464068;464168;464251;464262;464353;464401;464478;464533;464601;464614;464692;f;
468211;468267;468304;468379;468452;468556;468602;468616;468755;468794;468986;469054;469070;469116;469201;469288;469766;469824;470158;470217;470302;470383;470470;470568;470618;470694;470702;470803;470852;470915;470978;471055;471070;471151;f;
480965;481032;481066;481124;481221;481349;481359;481402;481504;481577;481765;481824;481866;481890;481970;482080;482102;482220;482358;482441;482473;482560;482668;482761;482798;482870;482909;482996;483033;483118;483143;483240;483244;483329;f;
487004;487076;487129;487157;487216;487344;487361;487444;487572;487641;487847;487941;487944;488042;488100;488203;488250;488372;488460;488527;488670;488744;488861;488936;488978;489050;489118;489206;489246;489309;489355;489434;489445;489500;f;
499342;499439;499476;499498;499829;499940;499963;500068;500841;500911;501133;501211;501223;501283;501906;502005;502012;502106;502311;502383;502426;502575;502594;502688;502807;502884;502906;502991;503068;503140;503183;503261;503268;503339;f;
507808;507853;507901;507971;508065;508199;508213;508281;508404;508475;508689;508763;508769;508847;508895;508983;509087;509195;509289;509368;509418;509479;509600;509679;509769;509841;509874;509981;510045;510099;510158;510268;510300;510381;f;
514104;514173;514226;514281;514361;514503;514512;514591;514707;514769;514959;515021;515060;515111;515168;515276;515325;515421;515562;515644;515761;515854;515938;516038;516083;516147;516167;516249;516317;516391;516429;516533;516541;516599;f;
520779;520855;520912;520971;521051;521175;521191;521277;521405;521453;521677;521743;521749;521808;521893;521985;522070;522192;522239;522329;522367;522461;522561;522633;522665;522743;522793;522875;522908;522970;523017;523099;523107;523181;f;
