mad;
859903;859996;860097;860194;860597;860717;861014;861128;861235;861354;861664;861781;861878;862011;862192;862316;863078;863198;863638;863736;864050;864168;864305;864412;864532;864631;864886;865008;865938;866024;866140;866218;866602;866712;f;
878548;878693;878824;878932;879307;879427;879680;879760;879881;879967;880299;880390;880490;880610;880841;880983;881181;881300;881539;881623;882300;882414;882581;882688;882813;882916;883327;883437;883628;883705;883785;883871;883903;883997;f;
890777;890873;890970;891083;891481;891593;891791;891919;892013;892115;892463;892559;892613;892744;892945;893073;893321;893428;893905;894008;894281;894396;894558;894662;894823;894921;895174;895287;895570;895643;895713;895814;895864;895950;f;
902970;903068;903183;903287;903734;903828;904159;904265;904371;904466;904837;904931;904994;905091;905272;905387;905695;905797;906179;906274;906631;906746;906891;906995;907155;907252;907421;907538;907811;907886;907947;908050;908102;908200;f;
914929;915020;915127;915230;915676;915764;916112;916223;916427;916522;916898;916991;917102;917205;917443;917584;917892;917984;918372;918469;918722;918819;918994;919088;919225;919325;919644;919742;919976;920071;920132;920236;920275;920359;f;
928589;928688;928781;928871;929361;929463;929685;929793;929924;930021;930404;930495;930628;930762;930945;931060;931277;931371;931603;931678;931948;932053;932216;932309;932439;932535;932763;932869;933119;933207;933281;933371;933548;933655;f;
940530;940627;940727;940841;941273;941365;941762;941869;941989;942078;942479;942578;942650;942751;942969;943072;943446;943539;943770;943859;944045;944157;944335;944443;944607;944709;944961;945047;945595;945693;945750;945851;945925;946021;f;
953676;953784;953907;954007;954464;954556;954806;954909;955004;955116;955462;955552;955637;955738;955959;956062;956393;956493;956740;956834;957086;957186;957354;957456;957590;957680;957917;958022;958295;958380;958448;958545;958624;958717;f;
966696;966793;966904;967018;967484;967576;967834;967956;968086;968190;968559;968659;968730;968843;969072;969174;969428;969524;969774;969868;970130;970226;970370;970466;970624;970720;970946;971054;971335;971416;971477;971581;971666;971774;f;
978441;978532;978633;978748;979119;979221;979450;979555;979650;979752;980041;980147;980217;980317;980553;980664;980888;980973;981220;981309;981488;981601;981739;981847;981967;982061;982198;982310;982590;982671;982741;982844;982891;982984;f;
989121;989225;989313;989438;989862;989971;990202;990295;990413;990503;990865;990957;991048;991150;991333;991433;991691;991796;992005;992098;992341;992455;992608;992709;992881;992980;993151;993261;993485;993570;993643;993757;993809;993903;f;
1002890;1002993;1003081;1003206;1003594;1003694;1004002;1004095;1004193;1004289;1004598;1004697;1004785;1004886;1005080;1005185;1005434;1005525;1005769;1005848;1006064;1006169;1006320;1006414;1006595;1006695;1006859;1006963;1007227;1007312;1007385;1007483;1007555;1007645;f;
1015032;1015134;1015232;1015341;1015696;1015786;1016072;1016169;1016271;1016368;1016636;1016739;1016792;1016885;1017005;1017110;1017364;1017440;1017708;1017780;1017983;1018088;1018235;1018330;1018445;1018542;1018726;1018830;1019135;1019216;1019335;1019424;1019526;1019612;f;
1028853;1028940;1029033;1029143;1029552;1029656;1029925;1030033;1030119;1030227;1030571;1030674;1030750;1030853;1031064;1031165;1031449;1031535;1031731;1031824;1032037;1032140;1032276;1032380;1032479;1032574;1032775;1032884;1033171;1033256;1033315;1033416;1033463;1033554;f;
1041203;1041294;1041411;1041513;1041939;1042027;1042279;1042382;1042479;1042574;1042922;1043016;1043086;1043181;1043369;1043473;1043782;1043864;1044133;1044217;1044459;1044552;1044712;1044810;1044947;1045035;1045197;1045316;1045623;1045705;1045770;1045865;1045933;1046033;f;
1053502;1053597;1053692;1053790;1054158;1054260;1054478;1054580;1054680;1054768;1055024;1055132;1055203;1055297;1055459;1055557;1055744;1055831;1056032;1056124;1056287;1056389;1056519;1056619;1056727;1056822;1056990;1057108;1057734;1057835;1057892;1057982;1058013;1058107;f;
1176066;1176172;1176274;1176371;1176732;1176840;1177050;1177156;1177228;1177348;1177591;1177698;1177737;1177841;1178022;1178120;1178291;1178403;1178572;1178663;1178829;1178949;1179080;1179204;1179283;1179371;1179446;1179569;1179838;1179925;1179990;1180080;1180112;1180211;f;
1194477;1194589;1194693;1194787;1195140;1195234;1195494;1195585;1195672;1195774;1196067;1196174;1196211;1196307;1196471;1196600;1196723;1196832;1197112;1197215;1197415;1197509;1197650;1197747;1197849;1197952;1198061;1198167;1198484;1198566;1198632;1198732;1198785;1198893;f;
1205223;1205326;1205427;1205529;1205881;1205967;1206201;1206297;1206396;1206487;1206847;1206951;1207000;1207091;1207227;1207335;1207539;1207660;1207854;1207949;1208433;1208545;1208668;1208778;1208887;1208991;1209081;1209183;1209564;1209610;1209675;1209752;1209998;1210088;f;
1216317;1216410;1216522;1216628;1217013;1217126;1217315;1217410;1217547;1217652;1217956;1218058;1218104;1218194;1218397;1218491;1218637;1218739;1218995;1219082;1219277;1219382;1219532;1219641;1219771;1219866;1219958;1220076;1220365;1220450;1220529;1220623;1220648;1220733;f;
1226794;1226892;1227009;1227104;1227478;1227581;1227774;1227873;1227958;1228070;1228290;1228390;1228434;1228543;1228672;1228754;1228986;1229092;1229286;1229374;1229512;1229622;1229772;1229862;1229962;1230050;1230174;1230371;1230593;1230676;1230757;1230842;1230879;1230981;f;
1238055;1238172;1238298;1238412;1238919;1239016;1239309;1239465;1239597;1239715;1239945;1240039;1240080;1240171;1240273;1240377;1240551;1240645;1240846;1240930;1241165;1241268;1241416;1241503;1241588;1241703;1241781;1241896;1242202;1242281;1242367;1242456;1242476;1242571;f;
1250052;1250142;1250248;1250347;1250679;1250793;1251015;1251121;1251240;1251339;1251611;1251705;1251760;1251861;1252007;1252097;1252275;1252389;1252641;1252742;1252930;1253032;1253181;1253284;1253414;1253506;1253637;1253761;1254049;1254132;1254205;1254289;1254327;1254429;f;
1261103;1261200;1261309;1261409;1261760;1261855;1262080;1262178;1262307;1262407;1262719;1262811;1262876;1262977;1263115;1263208;1263443;1263538;1263842;1263934;1264141;1264242;1264397;1264488;1264622;1264707;1264865;1264949;1265267;1265357;1265420;1265516;1265550;1265640;f;
1275721;1275830;1275931;1276026;1276476;1276604;1276814;1276918;1277022;1277132;1277524;1277628;1277685;1277784;1277917;1278020;1278236;1278338;1278603;1278694;1278904;1279000;1279140;1279234;1279370;1279464;1279555;1279677;1280024;1280116;1280192;1280283;1280305;1280396;f;
1287326;1287421;1287513;1287645;1287951;1288036;1288259;1288344;1288457;1288550;1288865;1288963;1289025;1289121;1289263;1289366;1289502;1289618;1289941;1290031;1290189;1290303;1290445;1290542;1290664;1290757;1290881;1290992;1291305;1291389;1291465;1291574;1291594;1291699;f;
1298477;1298573;1298668;1298775;1299105;1299191;1299405;1299505;1299591;1299709;1300026;1300129;1300176;1300274;1300434;1300530;1300813;1300926;1301139;1301224;1301440;1301539;1301675;1301766;1301869;1301963;1302095;1302197;1302533;1302607;1302683;1302769;1302817;1302915;f;
1325215;1325311;1325416;1325507;1325866;1325959;1326175;1326286;1326353;1326466;1326820;1326922;1326990;1327082;1327272;1327388;1327568;1327658;1327874;1327953;1328142;1328243;1328375;1328468;1328618;1328711;1328804;1328900;1329208;1329288;1329354;1329443;1329482;1329562;f;
1335204;1335308;1335398;1335486;1335848;1335944;1336164;1336264;1336356;1336468;1336774;1336888;1336946;1337030;1337177;1337278;1337532;1337635;1337821;1337905;1338092;1338187;1338337;1338426;1338532;1338621;1338724;1338833;1339177;1339254;1339333;1339424;1339481;1339562;f;
1352527;1352618;1352725;1352823;1353195;1353275;1353491;1353585;1353695;1353791;1354159;1354253;1354299;1354391;1354571;1354662;1354953;1355052;1355258;1355344;1355493;1355598;1355754;1355844;1355987;1356073;1356169;1356281;1356578;1356657;1356733;1356831;1356873;1356969;f;
1388420;1388511;1388610;1388701;1389088;1389194;1389422;1389524;1389624;1389740;1390104;1390212;1390262;1390362;1390507;1390605;1390835;1390945;1391159;1391246;1391460;1391559;1391699;1391788;1391938;1392039;1392180;1392287;1392636;1392692;1392838;1392931;1393100;1393192;f;
1405466;1405558;1405669;1405741;1406068;1406163;1406447;1406537;1406601;1406729;1407071;1407181;1407229;1407327;1407739;1407843;1408035;1408127;1408287;1408363;1408545;1408643;1408767;1408859;1408965;1409059;1409124;1409235;1409536;1409617;1409691;1409775;1409811;1409900;f;
1426810;1426892;1427012;1427069;1427594;1427696;1427914;1428008;1428102;1428206;1428537;1428650;1428678;1428784;1428912;1429023;1429294;1429424;1429548;1429632;1429812;1429900;1430033;1430128;1430261;1430364;1430476;1430574;1430885;1430968;1431037;1431120;1431160;1431249;f;
